0 592
1 303
2 608
3 654
4 681
5 694
6 772
7 750
8 749
9 810
10 888
11 1030
12 1170
13 1200
14 1239
15 1236
16 1173
17 1167
18 1194
19 1267
20 1259
21 1365
22 1396
23 1538
24 1704
25 1754
26 1877
27 1738
28 1717
29 1591
30 1673
31 1652
32 1614
33 1499
34 1467
35 1466
36 1485
37 1483
38 1391
39 1329
40 1205
41 1286
42 1245
43 1199
44 1178
45 1282
46 1264
47 1305
48 1297
49 1414
50 1522
51 1545
52 1445
53 1450
54 1465
55 1609
56 1589
57 1660
58 1783
59 1846
60 1994
61 2019
62 2106
63 2077
64 2147
65 2066
66 2073
67 2183
68 2216
69 2174
70 2242
71 2075
72 2047
73 1966
74 1952
75 1963
76 1950
77 1922
78 2040
79 1929
80 1911
81 1805
82 1918
83 1788
84 1820
85 1799
86 1794
87 1759
88 1860
89 1760
90 1768
91 1732
92 1762
93 1732
94 1631
95 1714
96 1819
97 1859
98 1860
99 1998
100 1707
101 1670
102 1567
103 1559
104 1580
105 1494
106 1609
107 1510
108 1545
109 1595
110 1590
111 1576
112 1515
113 1476
114 1522
115 1541
116 1537
117 1546
118 1502
119 1549
120 1579
121 1556
122 1662
123 1800
124 1695
125 1665
126 1587
127 1607
128 1628
129 1562
130 1556
131 1630
132 1729
133 1729
134 1725
135 1684
136 1562
137 1410
138 1541
139 1406
140 1455
141 1362
142 1467
143 1354
144 1425
145 1604
146 1472
147 1520
148 1603
149 1706
150 1631
151 1579
152 1536
153 1439
154 1467
155 1476
156 1539
157 1581
158 1575
159 1666
160 1582
161 1705
162 1764
163 1689
164 1800
165 1849
166 2001
167 1932
168 1877
169 1839
170 1852
171 1746
172 1737
173 1637
174 1629
175 1684
176 1673
177 1633
178 1577
179 1521
180 1478
181 1543
182 1451
183 1525
184 1661
185 1660
186 1652
187 1744
188 1703
189 1760
190 1777
191 1828
192 1771
193 1708
194 1579
195 1622
196 1616
197 1607
198 1540
199 1515
200 1606
201 1529
202 1540
203 1447
204 1444
205 1455
206 1480
207 1489
208 1546
209 1672
210 1520
211 1476
212 1603
213 1595
214 1628
215 1516
216 1494
217 1350
218 1257
219 1401
220 1432
221 1272
222 1313
223 1239
224 1420
225 1315
226 1413
227 1383
228 1310
229 1309
230 1382
231 1405
232 1486
233 1515
234 1620
235 1763
236 1478
237 1416
238 1684
239 1577
240 1920
241 1612
242 1304
243 1351
244 1287
245 1364
246 1286
247 1331
248 1381
249 1269
250 1069
251 1102
252 1307
253 407
254 25
255 0
